x     y     z      f
0.00000 0.00000 0.00000 -0.00000
0.00000 0.00000 0.10000 -0.00000
0.00000 0.00000 0.20000 -0.00000
0.00000 0.00000 0.30000 -0.00000
0.00000 0.00000 0.40000 -0.00000
0.00000 0.00000 0.50000 -0.00000
0.00000 0.00000 0.60000 0.00000
0.00000 0.00000 0.70000 0.00000
0.00000 0.00000 0.80000 0.00000
0.00000 0.00000 0.90000 0.00000
0.00000 0.10000 0.00000 -0.12410
0.00000 0.10000 0.10000 -0.12410
0.00000 0.10000 0.20000 -0.18313
0.00000 0.10000 0.30000 -0.17808
0.00000 0.10000 0.40000 -0.10431
0.00000 0.10000 0.50000 0.00937
0.00000 0.10000 0.60000 0.11939
0.00000 0.10000 0.70000 0.18279
0.00000 0.10000 0.80000 0.16544
0.00000 0.10000 0.90000 0.00000
0.00000 0.20000 0.00000 -0.01701
0.00000 0.20000 0.10000 -0.01701
0.00000 0.20000 0.20000 -0.02426
0.00000 0.20000 0.30000 -0.02325
0.00000 0.20000 0.40000 -0.01321
0.00000 0.20000 0.50000 0.00190
0.00000 0.20000 0.60000 0.01626
0.00000 0.20000 0.70000 0.02419
0.00000 0.20000 0.80000 0.02093
0.00000 0.20000 0.90000 0.00000
0.00000 0.30000 0.00000 -0.00166
0.00000 0.30000 0.10000 -0.00166
0.00000 0.30000 0.20000 -0.00232
0.00000 0.30000 0.30000 -0.00220
0.00000 0.30000 0.40000 -0.00123
0.00000 0.30000 0.50000 0.00022
0.00000 0.30000 0.60000 0.00158
0.00000 0.30000 0.70000 0.00231
0.00000 0.30000 0.80000 0.00194
0.00000 0.30000 0.90000 0.00000
0.00000 0.40000 0.00000 -0.00013
0.00000 0.40000 0.10000 -0.00013
0.00000 0.40000 0.20000 -0.00017
0.00000 0.40000 0.30000 -0.00016
0.00000 0.40000 0.40000 -0.00009
0.00000 0.40000 0.50000 0.00002
0.00000 0.40000 0.60000 0.00012
0.00000 0.40000 0.70000 0.00017
0.00000 0.40000 0.80000 0.00014
0.00000 0.40000 0.90000 0.00000
0.00000 0.50000 0.00000 -0.00001
0.00000 0.50000 0.10000 -0.00001
0.00000 0.50000 0.20000 -0.00001
0.00000 0.50000 0.30000 -0.00001
0.00000 0.50000 0.40000 -0.00001
0.00000 0.50000 0.50000 0.00000
0.00000 0.50000 0.60000 0.00001
0.00000 0.50000 0.70000 0.00001
0.00000 0.50000 0.80000 0.00001
0.00000 0.50000 0.90000 0.00000
0.00000 0.60000 0.00000 -0.00000
0.00000 0.60000 0.10000 -0.00000
0.00000 0.60000 0.20000 -0.00000
0.00000 0.60000 0.30000 -0.00000
0.00000 0.60000 0.40000 -0.00000
0.00000 0.60000 0.50000 0.00000
0.00000 0.60000 0.60000 0.00000
0.00000 0.60000 0.70000 0.00000
0.00000 0.60000 0.80000 0.00000
0.00000 0.60000 0.90000 0.00000
0.00000 0.70000 0.00000 -0.00000
0.00000 0.70000 0.10000 -0.00000
0.00000 0.70000 0.20000 -0.00000
0.00000 0.70000 0.30000 -0.00000
0.00000 0.70000 0.40000 -0.00000
0.00000 0.70000 0.50000 0.00000
0.00000 0.70000 0.60000 0.00000
0.00000 0.70000 0.70000 0.00000
0.00000 0.70000 0.80000 0.00000
0.00000 0.70000 0.90000 0.00000
0.00000 0.80000 0.00000 -0.00000
0.00000 0.80000 0.10000 -0.00000
0.00000 0.80000 0.20000 -0.00000
0.00000 0.80000 0.30000 -0.00000
0.00000 0.80000 0.40000 -0.00000
0.00000 0.80000 0.50000 0.00000
0.00000 0.80000 0.60000 0.00000
0.00000 0.80000 0.70000 0.00000
0.00000 0.80000 0.80000 0.00000
0.00000 0.80000 0.90000 0.00000
0.00000 0.90000 0.00000 0.00000
0.00000 0.90000 0.10000 0.00000
0.00000 0.90000 0.20000 0.00000
0.00000 0.90000 0.30000 0.00000
0.00000 0.90000 0.40000 0.00000
0.00000 0.90000 0.50000 0.00000
0.00000 0.90000 0.60000 0.00000
0.00000 0.90000 0.70000 0.00000
0.00000 0.90000 0.80000 0.00000
0.00000 0.90000 0.90000 0.00000
0.10000 0.00000 0.00000 -0.55902
0.10000 0.00000 0.10000 -0.55902
0.10000 0.00000 0.20000 -0.90451
0.10000 0.00000 0.30000 -0.90451
0.10000 0.00000 0.40000 -0.55902
0.10000 0.00000 0.50000 -0.00000
0.10000 0.00000 0.60000 0.55902
0.10000 0.00000 0.70000 0.90451
0.10000 0.00000 0.80000 0.90451
0.10000 0.00000 0.90000 0.55902
0.10000 0.10000 0.00000 -0.12410
0.10000 0.10000 0.10000 -0.12418
0.10000 0.10000 0.20000 -0.18323
0.10000 0.10000 0.30000 -0.17817
0.10000 0.10000 0.40000 -0.10436
0.10000 0.10000 0.50000 0.00938
0.10000 0.10000 0.60000 0.11946
0.10000 0.10000 0.70000 0.18289
0.10000 0.10000 0.80000 0.16552
0.10000 0.10000 0.90000 0.00000
0.10000 0.20000 0.00000 -0.01701
0.10000 0.20000 0.10000 -0.01704
0.10000 0.20000 0.20000 -0.02430
0.10000 0.20000 0.30000 -0.02328
0.10000 0.20000 0.40000 -0.01322
0.10000 0.20000 0.50000 0.00191
0.10000 0.20000 0.60000 0.01629
0.10000 0.20000 0.70000 0.02422
0.10000 0.20000 0.80000 0.02096
0.10000 0.20000 0.90000 0.00000
0.10000 0.30000 0.00000 -0.00166
0.10000 0.30000 0.10000 -0.00166
0.10000 0.30000 0.20000 -0.00232
0.10000 0.30000 0.30000 -0.00220
0.10000 0.30000 0.40000 -0.00123
0.10000 0.30000 0.50000 0.00022
0.10000 0.30000 0.60000 0.00158
0.10000 0.30000 0.70000 0.00231
0.10000 0.30000 0.80000 0.00195
0.10000 0.30000 0.90000 0.00000
0.10000 0.40000 0.00000 -0.00013
0.10000 0.40000 0.10000 -0.00013
0.10000 0.40000 0.20000 -0.00018
0.10000 0.40000 0.30000 -0.00017
0.10000 0.40000 0.40000 -0.00009
0.10000 0.40000 0.50000 0.00002
0.10000 0.40000 0.60000 0.00012
0.10000 0.40000 0.70000 0.00017
0.10000 0.40000 0.80000 0.00015
0.10000 0.40000 0.90000 0.00000
0.10000 0.50000 0.00000 -0.00001
0.10000 0.50000 0.10000 -0.00001
0.10000 0.50000 0.20000 -0.00001
0.10000 0.50000 0.30000 -0.00001
0.10000 0.50000 0.40000 -0.00001
0.10000 0.50000 0.50000 0.00000
0.10000 0.50000 0.60000 0.00001
0.10000 0.50000 0.70000 0.00001
0.10000 0.50000 0.80000 0.00001
0.10000 0.50000 0.90000 0.00000
0.10000 0.60000 0.00000 -0.00000
0.10000 0.60000 0.10000 -0.00000
0.10000 0.60000 0.20000 -0.00000
0.10000 0.60000 0.30000 -0.00000
0.10000 0.60000 0.40000 -0.00000
0.10000 0.60000 0.50000 0.00000
0.10000 0.60000 0.60000 0.00000
0.10000 0.60000 0.70000 0.00000
0.10000 0.60000 0.80000 0.00000
0.10000 0.60000 0.90000 0.00000
0.10000 0.70000 0.00000 -0.00000
0.10000 0.70000 0.10000 -0.00000
0.10000 0.70000 0.20000 -0.00000
0.10000 0.70000 0.30000 -0.00000
0.10000 0.70000 0.40000 -0.00000
0.10000 0.70000 0.50000 0.00000
0.10000 0.70000 0.60000 0.00000
0.10000 0.70000 0.70000 0.00000
0.10000 0.70000 0.80000 0.00000
0.10000 0.70000 0.90000 0.00000
0.10000 0.80000 0.00000 -0.00000
0.10000 0.80000 0.10000 -0.00000
0.10000 0.80000 0.20000 -0.00000
0.10000 0.80000 0.30000 -0.00000
0.10000 0.80000 0.40000 -0.00000
0.10000 0.80000 0.50000 0.00000
0.10000 0.80000 0.60000 0.00000
0.10000 0.80000 0.70000 0.00000
0.10000 0.80000 0.80000 0.00000
0.10000 0.80000 0.90000 0.00000
0.10000 0.90000 0.00000 0.00000
0.10000 0.90000 0.10000 0.00000
0.10000 0.90000 0.20000 0.00000
0.10000 0.90000 0.30000 0.00000
0.10000 0.90000 0.40000 0.00000
0.10000 0.90000 0.50000 0.00000
0.10000 0.90000 0.60000 0.00000
0.10000 0.90000 0.70000 0.00000
0.10000 0.90000 0.80000 0.00000
0.10000 0.90000 0.90000 0.00000
0.20000 0.00000 0.00000 -0.34549
0.20000 0.00000 0.10000 -0.34549
0.20000 0.00000 0.20000 -0.55902
0.20000 0.00000 0.30000 -0.55902
0.20000 0.00000 0.40000 -0.34549
0.20000 0.00000 0.50000 -0.00000
0.20000 0.00000 0.60000 0.34549
0.20000 0.00000 0.70000 0.55902
0.20000 0.00000 0.80000 0.55902
0.20000 0.00000 0.90000 0.34549
0.20000 0.10000 0.00000 -0.05618
0.20000 0.10000 0.10000 -0.05621
0.20000 0.10000 0.20000 -0.08876
0.20000 0.10000 0.30000 -0.08028
0.20000 0.10000 0.40000 -0.04020
0.20000 0.10000 0.50000 0.01523
0.20000 0.10000 0.60000 0.06480
0.20000 0.10000 0.70000 0.08919
0.20000 0.10000 0.80000 0.07502
0.20000 0.10000 0.90000 0.00000
0.20000 0.20000 0.00000 -0.00674
0.20000 0.20000 0.10000 -0.00674
0.20000 0.20000 0.20000 -0.01054
0.20000 0.20000 0.30000 -0.00902
0.20000 0.20000 0.40000 -0.00385
0.20000 0.20000 0.50000 0.00279
0.20000 0.20000 0.60000 0.00836
0.20000 0.20000 0.70000 0.01063
0.20000 0.20000 0.80000 0.00815
0.20000 0.20000 0.90000 0.00000
0.20000 0.30000 0.00000 -0.00060
0.20000 0.30000 0.10000 -0.00060
0.20000 0.30000 0.20000 -0.00093
0.20000 0.30000 0.30000 -0.00076
0.20000 0.30000 0.40000 -0.00028
0.20000 0.30000 0.50000 0.00031
0.20000 0.30000 0.60000 0.00078
0.20000 0.30000 0.70000 0.00094
0.20000 0.30000 0.80000 0.00067
0.20000 0.30000 0.90000 0.00000
0.20000 0.40000 0.00000 -0.00004
0.20000 0.40000 0.10000 -0.00004
0.20000 0.40000 0.20000 -0.00007
0.20000 0.40000 0.30000 -0.00006
0.20000 0.40000 0.40000 -0.00002
0.20000 0.40000 0.50000 0.00002
0.20000 0.40000 0.60000 0.00006
0.20000 0.40000 0.70000 0.00007
0.20000 0.40000 0.80000 0.00005
0.20000 0.40000 0.90000 0.00000
0.20000 0.50000 0.00000 -0.00000
0.20000 0.50000 0.10000 -0.00000
0.20000 0.50000 0.20000 -0.00000
0.20000 0.50000 0.30000 -0.00000
0.20000 0.50000 0.40000 -0.00000
0.20000 0.50000 0.50000 0.00000
0.20000 0.50000 0.60000 0.00000
0.20000 0.50000 0.70000 0.00000
0.20000 0.50000 0.80000 0.00000
0.20000 0.50000 0.90000 0.00000
0.20000 0.60000 0.00000 -0.00000
0.20000 0.60000 0.10000 -0.00000
0.20000 0.60000 0.20000 -0.00000
0.20000 0.60000 0.30000 -0.00000
0.20000 0.60000 0.40000 -0.00000
0.20000 0.60000 0.50000 0.00000
0.20000 0.60000 0.60000 0.00000
0.20000 0.60000 0.70000 0.00000
0.20000 0.60000 0.80000 0.00000
0.20000 0.60000 0.90000 0.00000
0.20000 0.70000 0.00000 -0.00000
0.20000 0.70000 0.10000 -0.00000
0.20000 0.70000 0.20000 -0.00000
0.20000 0.70000 0.30000 -0.00000
0.20000 0.70000 0.40000 -0.00000
0.20000 0.70000 0.50000 0.00000
0.20000 0.70000 0.60000 0.00000
0.20000 0.70000 0.70000 0.00000
0.20000 0.70000 0.80000 0.00000
0.20000 0.70000 0.90000 0.00000
0.20000 0.80000 0.00000 -0.00000
0.20000 0.80000 0.10000 -0.00000
0.20000 0.80000 0.20000 -0.00000
0.20000 0.80000 0.30000 -0.00000
0.20000 0.80000 0.40000 -0.00000
0.20000 0.80000 0.50000 0.00000
0.20000 0.80000 0.60000 0.00000
0.20000 0.80000 0.70000 0.00000
0.20000 0.80000 0.80000 0.00000
0.20000 0.80000 0.90000 0.00000
0.20000 0.90000 0.00000 0.00000
0.20000 0.90000 0.10000 0.00000
0.20000 0.90000 0.20000 0.00000
0.20000 0.90000 0.30000 0.00000
0.20000 0.90000 0.40000 0.00000
0.20000 0.90000 0.50000 0.00000
0.20000 0.90000 0.60000 0.00000
0.20000 0.90000 0.70000 0.00000
0.20000 0.90000 0.80000 0.00000
0.20000 0.90000 0.90000 0.00000
0.30000 0.00000 0.00000 0.34549
0.30000 0.00000 0.10000 0.34549
0.30000 0.00000 0.20000 0.55902
0.30000 0.00000 0.30000 0.55902
0.30000 0.00000 0.40000 0.34549
0.30000 0.00000 0.50000 0.00000
0.30000 0.00000 0.60000 -0.34549
0.30000 0.00000 0.70000 -0.55902
0.30000 0.00000 0.80000 -0.55902
0.30000 0.00000 0.90000 -0.34549
0.30000 0.10000 0.00000 0.07662
0.30000 0.10000 0.10000 0.07667
0.30000 0.10000 0.20000 0.10956
0.30000 0.10000 0.30000 0.11123
0.30000 0.10000 0.40000 0.07037
0.30000 0.10000 0.50000 0.00256
0.30000 0.10000 0.60000 -0.06618
0.30000 0.10000 0.70000 -0.10905
0.30000 0.10000 0.80000 -0.10347
0.30000 0.10000 0.90000 0.00000
0.30000 0.20000 0.00000 0.01050
0.30000 0.20000 0.10000 0.01051
0.30000 0.20000 0.20000 0.01438
0.30000 0.20000 0.30000 0.01464
0.30000 0.20000 0.40000 0.00929
0.30000 0.20000 0.50000 0.00038
0.30000 0.20000 0.60000 -0.00866
0.30000 0.20000 0.70000 -0.01427
0.30000 0.20000 0.80000 -0.01321
0.30000 0.20000 0.90000 0.00000
0.30000 0.30000 0.00000 0.00102
0.30000 0.30000 0.10000 0.00102
0.30000 0.30000 0.20000 0.00136
0.30000 0.30000 0.30000 0.00139
0.30000 0.30000 0.40000 0.00089
0.30000 0.30000 0.50000 0.00004
0.30000 0.30000 0.60000 -0.00082
0.30000 0.30000 0.70000 -0.00135
0.30000 0.30000 0.80000 -0.00123
0.30000 0.30000 0.90000 0.00000
0.30000 0.40000 0.00000 0.00008
0.30000 0.40000 0.10000 0.00008
0.30000 0.40000 0.20000 0.00010
0.30000 0.40000 0.30000 0.00010
0.30000 0.40000 0.40000 0.00007
0.30000 0.40000 0.50000 0.00000
0.30000 0.40000 0.60000 -0.00006
0.30000 0.40000 0.70000 -0.00010
0.30000 0.40000 0.80000 -0.00009
0.30000 0.40000 0.90000 0.00000
0.30000 0.50000 0.00000 0.00000
0.30000 0.50000 0.10000 0.00000
0.30000 0.50000 0.20000 0.00001
0.30000 0.50000 0.30000 0.00001
0.30000 0.50000 0.40000 0.00000
0.30000 0.50000 0.50000 0.00000
0.30000 0.50000 0.60000 -0.00000
0.30000 0.50000 0.70000 -0.00001
0.30000 0.50000 0.80000 -0.00001
0.30000 0.50000 0.90000 0.00000
0.30000 0.60000 0.00000 0.00000
0.30000 0.60000 0.10000 0.00000
0.30000 0.60000 0.20000 0.00000
0.30000 0.60000 0.30000 0.00000
0.30000 0.60000 0.40000 0.00000
0.30000 0.60000 0.50000 0.00000
0.30000 0.60000 0.60000 -0.00000
0.30000 0.60000 0.70000 -0.00000
0.30000 0.60000 0.80000 -0.00000
0.30000 0.60000 0.90000 0.00000
0.30000 0.70000 0.00000 0.00000
0.30000 0.70000 0.10000 0.00000
0.30000 0.70000 0.20000 0.00000
0.30000 0.70000 0.30000 0.00000
0.30000 0.70000 0.40000 0.00000
0.30000 0.70000 0.50000 0.00000
0.30000 0.70000 0.60000 -0.00000
0.30000 0.70000 0.70000 -0.00000
0.30000 0.70000 0.80000 -0.00000
0.30000 0.70000 0.90000 0.00000
0.30000 0.80000 0.00000 0.00000
0.30000 0.80000 0.10000 0.00000
0.30000 0.80000 0.20000 0.00000
0.30000 0.80000 0.30000 0.00000
0.30000 0.80000 0.40000 0.00000
0.30000 0.80000 0.50000 0.00000
0.30000 0.80000 0.60000 -0.00000
0.30000 0.80000 0.70000 -0.00000
0.30000 0.80000 0.80000 -0.00000
0.30000 0.80000 0.90000 0.00000
0.30000 0.90000 0.00000 0.00000
0.30000 0.90000 0.10000 0.00000
0.30000 0.90000 0.20000 0.00000
0.30000 0.90000 0.30000 0.00000
0.30000 0.90000 0.40000 0.00000
0.30000 0.90000 0.50000 0.00000
0.30000 0.90000 0.60000 0.00000
0.30000 0.90000 0.70000 0.00000
0.30000 0.90000 0.80000 0.00000
0.30000 0.90000 0.90000 0.00000
0.40000 0.00000 0.00000 0.55902
0.40000 0.00000 0.10000 0.55902
0.40000 0.00000 0.20000 0.90451
0.40000 0.00000 0.30000 0.90451
0.40000 0.00000 0.40000 0.55902
0.40000 0.00000 0.50000 0.00000
0.40000 0.00000 0.60000 -0.55902
0.40000 0.00000 0.70000 -0.90451
0.40000 0.00000 0.80000 -0.90451
0.40000 0.00000 0.90000 -0.55902
0.40000 0.10000 0.00000 0.10237
0.40000 0.10000 0.10000 0.10242
0.40000 0.10000 0.20000 0.15479
0.40000 0.10000 0.30000 0.14749
0.40000 0.10000 0.40000 0.08290
0.40000 0.10000 0.50000 -0.01340
0.40000 0.10000 0.60000 -0.10452
0.40000 0.10000 0.70000 -0.15494
0.40000 0.10000 0.80000 -0.13763
0.40000 0.10000 0.90000 0.00000
0.40000 0.20000 0.00000 0.01296
0.40000 0.20000 0.10000 0.01298
0.40000 0.20000 0.20000 0.01905
0.40000 0.20000 0.30000 0.01773
0.40000 0.20000 0.40000 0.00942
0.40000 0.20000 0.50000 -0.00250
0.40000 0.20000 0.60000 -0.01345
0.40000 0.20000 0.70000 -0.01909
0.40000 0.20000 0.80000 -0.01601
0.40000 0.20000 0.90000 0.00000
0.40000 0.30000 0.00000 0.00120
0.40000 0.30000 0.10000 0.00120
0.40000 0.30000 0.20000 0.00173
0.40000 0.30000 0.30000 0.00158
0.40000 0.30000 0.40000 0.00081
0.40000 0.30000 0.50000 -0.00028
0.40000 0.30000 0.60000 -0.00126
0.40000 0.30000 0.70000 -0.00174
0.40000 0.30000 0.80000 -0.00140
0.40000 0.30000 0.90000 0.00000
0.40000 0.40000 0.00000 0.00009
0.40000 0.40000 0.10000 0.00009
0.40000 0.40000 0.20000 0.00013
0.40000 0.40000 0.30000 0.00012
0.40000 0.40000 0.40000 0.00006
0.40000 0.40000 0.50000 -0.00002
0.40000 0.40000 0.60000 -0.00009
0.40000 0.40000 0.70000 -0.00013
0.40000 0.40000 0.80000 -0.00010
0.40000 0.40000 0.90000 0.00000
0.40000 0.50000 0.00000 0.00001
0.40000 0.50000 0.10000 0.00001
0.40000 0.50000 0.20000 0.00001
0.40000 0.50000 0.30000 0.00001
0.40000 0.50000 0.40000 0.00000
0.40000 0.50000 0.50000 -0.00000
0.40000 0.50000 0.60000 -0.00001
0.40000 0.50000 0.70000 -0.00001
0.40000 0.50000 0.80000 -0.00001
0.40000 0.50000 0.90000 0.00000
0.40000 0.60000 0.00000 0.00000
0.40000 0.60000 0.10000 0.00000
0.40000 0.60000 0.20000 0.00000
0.40000 0.60000 0.30000 0.00000
0.40000 0.60000 0.40000 0.00000
0.40000 0.60000 0.50000 -0.00000
0.40000 0.60000 0.60000 -0.00000
0.40000 0.60000 0.70000 -0.00000
0.40000 0.60000 0.80000 -0.00000
0.40000 0.60000 0.90000 0.00000
0.40000 0.70000 0.00000 0.00000
0.40000 0.70000 0.10000 0.00000
0.40000 0.70000 0.20000 0.00000
0.40000 0.70000 0.30000 0.00000
0.40000 0.70000 0.40000 0.00000
0.40000 0.70000 0.50000 -0.00000
0.40000 0.70000 0.60000 -0.00000
0.40000 0.70000 0.70000 -0.00000
0.40000 0.70000 0.80000 -0.00000
0.40000 0.70000 0.90000 0.00000
0.40000 0.80000 0.00000 0.00000
0.40000 0.80000 0.10000 0.00000
0.40000 0.80000 0.20000 0.00000
0.40000 0.80000 0.30000 0.00000
0.40000 0.80000 0.40000 0.00000
0.40000 0.80000 0.50000 -0.00000
0.40000 0.80000 0.60000 -0.00000
0.40000 0.80000 0.70000 -0.00000
0.40000 0.80000 0.80000 -0.00000
0.40000 0.80000 0.90000 0.00000
0.40000 0.90000 0.00000 0.00000
0.40000 0.90000 0.10000 0.00000
0.40000 0.90000 0.20000 0.00000
0.40000 0.90000 0.30000 0.00000
0.40000 0.90000 0.40000 0.00000
0.40000 0.90000 0.50000 0.00000
0.40000 0.90000 0.60000 0.00000
0.40000 0.90000 0.70000 0.00000
0.40000 0.90000 0.80000 0.00000
0.40000 0.90000 0.90000 0.00000
0.50000 0.00000 0.00000 0.00000
0.50000 0.00000 0.10000 0.00000
0.50000 0.00000 0.20000 0.00000
0.50000 0.00000 0.30000 0.00000
0.50000 0.00000 0.40000 0.00000
0.50000 0.00000 0.50000 0.00000
0.50000 0.00000 0.60000 -0.00000
0.50000 0.00000 0.70000 -0.00000
0.50000 0.00000 0.80000 -0.00000
0.50000 0.00000 0.90000 -0.00000
0.50000 0.10000 0.00000 -0.01351
0.50000 0.10000 0.10000 -0.01352
0.50000 0.10000 0.20000 -0.01409
0.50000 0.10000 0.30000 -0.02026
0.50000 0.10000 0.40000 -0.01928
0.50000 0.10000 0.50000 -0.01090
0.50000 0.10000 0.60000 0.00163
0.50000 0.10000 0.70000 0.01343
0.50000 0.10000 0.80000 0.01856
0.50000 0.10000 0.90000 0.00000
0.50000 0.20000 0.00000 -0.00252
0.50000 0.20000 0.10000 -0.00253
0.50000 0.20000 0.20000 -0.00265
0.50000 0.20000 0.30000 -0.00373
0.50000 0.20000 0.40000 -0.00351
0.50000 0.20000 0.50000 -0.00194
0.50000 0.20000 0.60000 0.00036
0.50000 0.20000 0.70000 0.00250
0.50000 0.20000 0.80000 0.00335
0.50000 0.20000 0.90000 0.00000
0.50000 0.30000 0.00000 -0.00028
0.50000 0.30000 0.10000 -0.00028
0.50000 0.30000 0.20000 -0.00030
0.50000 0.30000 0.30000 -0.00042
0.50000 0.30000 0.40000 -0.00039
0.50000 0.30000 0.50000 -0.00022
0.50000 0.30000 0.60000 0.00004
0.50000 0.30000 0.70000 0.00028
0.50000 0.30000 0.80000 0.00037
0.50000 0.30000 0.90000 0.00000
0.50000 0.40000 0.00000 -0.00002
0.50000 0.40000 0.10000 -0.00002
0.50000 0.40000 0.20000 -0.00002
0.50000 0.40000 0.30000 -0.00003
0.50000 0.40000 0.40000 -0.00003
0.50000 0.40000 0.50000 -0.00002
0.50000 0.40000 0.60000 0.00000
0.50000 0.40000 0.70000 0.00002
0.50000 0.40000 0.80000 0.00003
0.50000 0.40000 0.90000 0.00000
0.50000 0.50000 0.00000 -0.00000
0.50000 0.50000 0.10000 -0.00000
0.50000 0.50000 0.20000 -0.00000
0.50000 0.50000 0.30000 -0.00000
0.50000 0.50000 0.40000 -0.00000
0.50000 0.50000 0.50000 -0.00000
0.50000 0.50000 0.60000 0.00000
0.50000 0.50000 0.70000 0.00000
0.50000 0.50000 0.80000 0.00000
0.50000 0.50000 0.90000 0.00000
0.50000 0.60000 0.00000 -0.00000
0.50000 0.60000 0.10000 -0.00000
0.50000 0.60000 0.20000 -0.00000
0.50000 0.60000 0.30000 -0.00000
0.50000 0.60000 0.40000 -0.00000
0.50000 0.60000 0.50000 -0.00000
0.50000 0.60000 0.60000 0.00000
0.50000 0.60000 0.70000 0.00000
0.50000 0.60000 0.80000 0.00000
0.50000 0.60000 0.90000 0.00000
0.50000 0.70000 0.00000 -0.00000
0.50000 0.70000 0.10000 -0.00000
0.50000 0.70000 0.20000 -0.00000
0.50000 0.70000 0.30000 -0.00000
0.50000 0.70000 0.40000 -0.00000
0.50000 0.70000 0.50000 -0.00000
0.50000 0.70000 0.60000 0.00000
0.50000 0.70000 0.70000 0.00000
0.50000 0.70000 0.80000 0.00000
0.50000 0.70000 0.90000 0.00000
0.50000 0.80000 0.00000 -0.00000
0.50000 0.80000 0.10000 -0.00000
0.50000 0.80000 0.20000 -0.00000
0.50000 0.80000 0.30000 -0.00000
0.50000 0.80000 0.40000 -0.00000
0.50000 0.80000 0.50000 -0.00000
0.50000 0.80000 0.60000 0.00000
0.50000 0.80000 0.70000 0.00000
0.50000 0.80000 0.80000 0.00000
0.50000 0.80000 0.90000 0.00000
0.50000 0.90000 0.00000 0.00000
0.50000 0.90000 0.10000 0.00000
0.50000 0.90000 0.20000 0.00000
0.50000 0.90000 0.30000 0.00000
0.50000 0.90000 0.40000 0.00000
0.50000 0.90000 0.50000 0.00000
0.50000 0.90000 0.60000 0.00000
0.50000 0.90000 0.70000 0.00000
0.50000 0.90000 0.80000 0.00000
0.50000 0.90000 0.90000 0.00000
0.60000 0.00000 0.00000 -0.55902
0.60000 0.00000 0.10000 -0.55902
0.60000 0.00000 0.20000 -0.90451
0.60000 0.00000 0.30000 -0.90451
0.60000 0.00000 0.40000 -0.55902
0.60000 0.00000 0.50000 -0.00000
0.60000 0.00000 0.60000 0.55902
0.60000 0.00000 0.70000 0.90451
0.60000 0.00000 0.80000 0.90451
0.60000 0.00000 0.90000 0.55902
0.60000 0.10000 0.00000 -0.11133
0.60000 0.10000 0.10000 -0.11140
0.60000 0.10000 0.20000 -0.16417
0.60000 0.10000 0.30000 -0.16080
0.60000 0.10000 0.40000 -0.09562
0.60000 0.10000 0.50000 0.00609
0.60000 0.10000 0.60000 0.10540
0.60000 0.10000 0.70000 0.16360
0.60000 0.10000 0.80000 0.14974
0.60000 0.10000 0.90000 0.00000
0.60000 0.20000 0.00000 -0.01466
0.60000 0.20000 0.10000 -0.01468
0.60000 0.20000 0.20000 -0.02085
0.60000 0.20000 0.30000 -0.02021
0.60000 0.20000 0.40000 -0.01177
0.60000 0.20000 0.50000 0.00117
0.60000 0.20000 0.60000 0.01364
0.60000 0.20000 0.70000 0.02072
0.60000 0.20000 0.80000 0.01823
0.60000 0.20000 0.90000 0.00000
0.60000 0.30000 0.00000 -0.00140
0.60000 0.30000 0.10000 -0.00140
0.60000 0.30000 0.20000 -0.00194
0.60000 0.30000 0.30000 -0.00187
0.60000 0.30000 0.40000 -0.00107
0.60000 0.30000 0.50000 0.00013
0.60000 0.30000 0.60000 0.00128
0.60000 0.30000 0.70000 0.00192
0.60000 0.30000 0.80000 0.00165
0.60000 0.30000 0.90000 0.00000
0.60000 0.40000 0.00000 -0.00011
0.60000 0.40000 0.10000 -0.00011
0.60000 0.40000 0.20000 -0.00015
0.60000 0.40000 0.30000 -0.00014
0.60000 0.40000 0.40000 -0.00008
0.60000 0.40000 0.50000 0.00001
0.60000 0.40000 0.60000 0.00010
0.60000 0.40000 0.70000 0.00014
0.60000 0.40000 0.80000 0.00012
0.60000 0.40000 0.90000 0.00000
0.60000 0.50000 0.00000 -0.00001
0.60000 0.50000 0.10000 -0.00001
0.60000 0.50000 0.20000 -0.00001
0.60000 0.50000 0.30000 -0.00001
0.60000 0.50000 0.40000 -0.00000
0.60000 0.50000 0.50000 0.00000
0.60000 0.50000 0.60000 0.00001
0.60000 0.50000 0.70000 0.00001
0.60000 0.50000 0.80000 0.00001
0.60000 0.50000 0.90000 0.00000
0.60000 0.60000 0.00000 -0.00000
0.60000 0.60000 0.10000 -0.00000
0.60000 0.60000 0.20000 -0.00000
0.60000 0.60000 0.30000 -0.00000
0.60000 0.60000 0.40000 -0.00000
0.60000 0.60000 0.50000 0.00000
0.60000 0.60000 0.60000 0.00000
0.60000 0.60000 0.70000 0.00000
0.60000 0.60000 0.80000 0.00000
0.60000 0.60000 0.90000 0.00000
0.60000 0.70000 0.00000 -0.00000
0.60000 0.70000 0.10000 -0.00000
0.60000 0.70000 0.20000 -0.00000
0.60000 0.70000 0.30000 -0.00000
0.60000 0.70000 0.40000 -0.00000
0.60000 0.70000 0.50000 0.00000
0.60000 0.70000 0.60000 0.00000
0.60000 0.70000 0.70000 0.00000
0.60000 0.70000 0.80000 0.00000
0.60000 0.70000 0.90000 0.00000
0.60000 0.80000 0.00000 -0.00000
0.60000 0.80000 0.10000 -0.00000
0.60000 0.80000 0.20000 -0.00000
0.60000 0.80000 0.30000 -0.00000
0.60000 0.80000 0.40000 -0.00000
0.60000 0.80000 0.50000 0.00000
0.60000 0.80000 0.60000 0.00000
0.60000 0.80000 0.70000 0.00000
0.60000 0.80000 0.80000 0.00000
0.60000 0.80000 0.90000 0.00000
0.60000 0.90000 0.00000 0.00000
0.60000 0.90000 0.10000 0.00000
0.60000 0.90000 0.20000 0.00000
0.60000 0.90000 0.30000 0.00000
0.60000 0.90000 0.40000 0.00000
0.60000 0.90000 0.50000 0.00000
0.60000 0.90000 0.60000 0.00000
0.60000 0.90000 0.70000 0.00000
0.60000 0.90000 0.80000 0.00000
0.60000 0.90000 0.90000 0.00000
0.70000 0.00000 0.00000 -0.34549
0.70000 0.00000 0.10000 -0.34549
0.70000 0.00000 0.20000 -0.55902
0.70000 0.00000 0.30000 -0.55902
0.70000 0.00000 0.40000 -0.34549
0.70000 0.00000 0.50000 -0.00000
0.70000 0.00000 0.60000 0.34549
0.70000 0.00000 0.70000 0.55902
0.70000 0.00000 0.80000 0.55902
0.70000 0.00000 0.90000 0.34549
0.70000 0.10000 0.00000 -0.05940
0.70000 0.10000 0.10000 -0.05943
0.70000 0.10000 0.20000 -0.09207
0.70000 0.10000 0.30000 -0.08467
0.70000 0.10000 0.40000 -0.04488
0.70000 0.10000 0.50000 0.01206
0.70000 0.10000 0.60000 0.06436
0.70000 0.10000 0.70000 0.09161
0.70000 0.10000 0.80000 0.07897
0.70000 0.10000 0.90000 0.00000
0.70000 0.20000 0.00000 -0.00745
0.70000 0.20000 0.10000 -0.00746
0.70000 0.20000 0.20000 -0.01127
0.70000 0.20000 0.30000 -0.01000
0.70000 0.20000 0.40000 -0.00489
0.70000 0.20000 0.50000 0.00209
0.70000 0.20000 0.60000 0.00826
0.70000 0.20000 0.70000 0.01117
0.70000 0.20000 0.80000 0.00902
0.70000 0.20000 0.90000 0.00000
0.70000 0.30000 0.00000 -0.00068
0.70000 0.30000 0.10000 -0.00069
0.70000 0.30000 0.20000 -0.00102
0.70000 0.30000 0.30000 -0.00088
0.70000 0.30000 0.40000 -0.00040
0.70000 0.30000 0.50000 0.00023
0.70000 0.30000 0.60000 0.00077
0.70000 0.30000 0.70000 0.00101
0.70000 0.30000 0.80000 0.00077
0.70000 0.30000 0.90000 0.00000
0.70000 0.40000 0.00000 -0.00005
0.70000 0.40000 0.10000 -0.00005
0.70000 0.40000 0.20000 -0.00008
0.70000 0.40000 0.30000 -0.00007
0.70000 0.40000 0.40000 -0.00003
0.70000 0.40000 0.50000 0.00002
0.70000 0.40000 0.60000 0.00006
0.70000 0.40000 0.70000 0.00008
0.70000 0.40000 0.80000 0.00006
0.70000 0.40000 0.90000 0.00000
0.70000 0.50000 0.00000 -0.00000
0.70000 0.50000 0.10000 -0.00000
0.70000 0.50000 0.20000 -0.00000
0.70000 0.50000 0.30000 -0.00000
0.70000 0.50000 0.40000 -0.00000
0.70000 0.50000 0.50000 0.00000
0.70000 0.50000 0.60000 0.00000
0.70000 0.50000 0.70000 0.00000
0.70000 0.50000 0.80000 0.00000
0.70000 0.50000 0.90000 0.00000
0.70000 0.60000 0.00000 -0.00000
0.70000 0.60000 0.10000 -0.00000
0.70000 0.60000 0.20000 -0.00000
0.70000 0.60000 0.30000 -0.00000
0.70000 0.60000 0.40000 -0.00000
0.70000 0.60000 0.50000 0.00000
0.70000 0.60000 0.60000 0.00000
0.70000 0.60000 0.70000 0.00000
0.70000 0.60000 0.80000 0.00000
0.70000 0.60000 0.90000 0.00000
0.70000 0.70000 0.00000 -0.00000
0.70000 0.70000 0.10000 -0.00000
0.70000 0.70000 0.20000 -0.00000
0.70000 0.70000 0.30000 -0.00000
0.70000 0.70000 0.40000 -0.00000
0.70000 0.70000 0.50000 0.00000
0.70000 0.70000 0.60000 0.00000
0.70000 0.70000 0.70000 0.00000
0.70000 0.70000 0.80000 0.00000
0.70000 0.70000 0.90000 0.00000
0.70000 0.80000 0.00000 -0.00000
0.70000 0.80000 0.10000 -0.00000
0.70000 0.80000 0.20000 -0.00000
0.70000 0.80000 0.30000 -0.00000
0.70000 0.80000 0.40000 -0.00000
0.70000 0.80000 0.50000 0.00000
0.70000 0.80000 0.60000 0.00000
0.70000 0.80000 0.70000 0.00000
0.70000 0.80000 0.80000 0.00000
0.70000 0.80000 0.90000 0.00000
0.70000 0.90000 0.00000 0.00000
0.70000 0.90000 0.10000 0.00000
0.70000 0.90000 0.20000 0.00000
0.70000 0.90000 0.30000 0.00000
0.70000 0.90000 0.40000 0.00000
0.70000 0.90000 0.50000 0.00000
0.70000 0.90000 0.60000 0.00000
0.70000 0.90000 0.70000 0.00000
0.70000 0.90000 0.80000 0.00000
0.70000 0.90000 0.90000 0.00000
0.80000 0.00000 0.00000 0.34549
0.80000 0.00000 0.10000 0.34549
0.80000 0.00000 0.20000 0.55902
0.80000 0.00000 0.30000 0.55902
0.80000 0.00000 0.40000 0.34549
0.80000 0.00000 0.50000 0.00000
0.80000 0.00000 0.60000 -0.34549
0.80000 0.00000 0.70000 -0.55902
0.80000 0.00000 0.80000 -0.55902
0.80000 0.00000 0.90000 -0.34549
0.80000 0.10000 0.00000 0.05189
0.80000 0.10000 0.10000 0.05190
0.80000 0.10000 0.20000 0.07848
0.80000 0.10000 0.30000 0.07551
0.80000 0.10000 0.40000 0.04369
0.80000 0.10000 0.50000 -0.00480
0.80000 0.10000 0.60000 -0.05144
0.80000 0.10000 0.70000 -0.07811
0.80000 0.10000 0.80000 -0.07085
0.80000 0.10000 0.90000 0.00000
0.80000 0.20000 0.00000 0.00596
0.80000 0.20000 0.10000 0.00597
0.80000 0.20000 0.20000 0.00873
0.80000 0.20000 0.30000 0.00825
0.80000 0.20000 0.40000 0.00462
0.80000 0.20000 0.50000 -0.00077
0.80000 0.20000 0.60000 -0.00587
0.80000 0.20000 0.70000 -0.00865
0.80000 0.20000 0.80000 -0.00752
0.80000 0.20000 0.90000 0.00000
0.80000 0.30000 0.00000 0.00052
0.80000 0.30000 0.10000 0.00052
0.80000 0.30000 0.20000 0.00073
0.80000 0.30000 0.30000 0.00068
0.80000 0.30000 0.40000 0.00037
0.80000 0.30000 0.50000 -0.00009
0.80000 0.30000 0.60000 -0.00050
0.80000 0.30000 0.70000 -0.00072
0.80000 0.30000 0.80000 -0.00060
0.80000 0.30000 0.90000 0.00000
0.80000 0.40000 0.00000 0.00004
0.80000 0.40000 0.10000 0.00004
0.80000 0.40000 0.20000 0.00005
0.80000 0.40000 0.30000 0.00005
0.80000 0.40000 0.40000 0.00003
0.80000 0.40000 0.50000 -0.00001
0.80000 0.40000 0.60000 -0.00004
0.80000 0.40000 0.70000 -0.00005
0.80000 0.40000 0.80000 -0.00004
0.80000 0.40000 0.90000 0.00000
0.80000 0.50000 0.00000 0.00000
0.80000 0.50000 0.10000 0.00000
0.80000 0.50000 0.20000 0.00000
0.80000 0.50000 0.30000 0.00000
0.80000 0.50000 0.40000 0.00000
0.80000 0.50000 0.50000 -0.00000
0.80000 0.50000 0.60000 -0.00000
0.80000 0.50000 0.70000 -0.00000
0.80000 0.50000 0.80000 -0.00000
0.80000 0.50000 0.90000 0.00000
0.80000 0.60000 0.00000 0.00000
0.80000 0.60000 0.10000 0.00000
0.80000 0.60000 0.20000 0.00000
0.80000 0.60000 0.30000 0.00000
0.80000 0.60000 0.40000 0.00000
0.80000 0.60000 0.50000 -0.00000
0.80000 0.60000 0.60000 -0.00000
0.80000 0.60000 0.70000 -0.00000
0.80000 0.60000 0.80000 -0.00000
0.80000 0.60000 0.90000 0.00000
0.80000 0.70000 0.00000 0.00000
0.80000 0.70000 0.10000 0.00000
0.80000 0.70000 0.20000 0.00000
0.80000 0.70000 0.30000 0.00000
0.80000 0.70000 0.40000 0.00000
0.80000 0.70000 0.50000 -0.00000
0.80000 0.70000 0.60000 -0.00000
0.80000 0.70000 0.70000 -0.00000
0.80000 0.70000 0.80000 -0.00000
0.80000 0.70000 0.90000 0.00000
0.80000 0.80000 0.00000 0.00000
0.80000 0.80000 0.10000 0.00000
0.80000 0.80000 0.20000 0.00000
0.80000 0.80000 0.30000 0.00000
0.80000 0.80000 0.40000 0.00000
0.80000 0.80000 0.50000 -0.00000
0.80000 0.80000 0.60000 -0.00000
0.80000 0.80000 0.70000 -0.00000
0.80000 0.80000 0.80000 -0.00000
0.80000 0.80000 0.90000 0.00000
0.80000 0.90000 0.00000 0.00000
0.80000 0.90000 0.10000 0.00000
0.80000 0.90000 0.20000 0.00000
0.80000 0.90000 0.30000 0.00000
0.80000 0.90000 0.40000 0.00000
0.80000 0.90000 0.50000 0.00000
0.80000 0.90000 0.60000 0.00000
0.80000 0.90000 0.70000 0.00000
0.80000 0.90000 0.80000 0.00000
0.80000 0.90000 0.90000 0.00000
0.90000 0.00000 0.00000 0.55902
0.90000 0.00000 0.10000 0.55902
0.90000 0.00000 0.20000 0.90451
0.90000 0.00000 0.30000 0.90451
0.90000 0.00000 0.40000 0.55902
0.90000 0.00000 0.50000 0.00000
0.90000 0.00000 0.60000 -0.55902
0.90000 0.00000 0.70000 -0.90451
0.90000 0.00000 0.80000 -0.90451
0.90000 0.00000 0.90000 -0.55902
0.90000 0.10000 0.00000 0.00000
0.90000 0.10000 0.10000 0.00000
0.90000 0.10000 0.20000 0.00000
0.90000 0.10000 0.30000 0.00000
0.90000 0.10000 0.40000 0.00000
0.90000 0.10000 0.50000 0.00000
0.90000 0.10000 0.60000 0.00000
0.90000 0.10000 0.70000 0.00000
0.90000 0.10000 0.80000 0.00000
0.90000 0.10000 0.90000 0.00000
0.90000 0.20000 0.00000 0.00000
0.90000 0.20000 0.10000 0.00000
0.90000 0.20000 0.20000 0.00000
0.90000 0.20000 0.30000 0.00000
0.90000 0.20000 0.40000 0.00000
0.90000 0.20000 0.50000 0.00000
0.90000 0.20000 0.60000 0.00000
0.90000 0.20000 0.70000 0.00000
0.90000 0.20000 0.80000 0.00000
0.90000 0.20000 0.90000 0.00000
0.90000 0.30000 0.00000 0.00000
0.90000 0.30000 0.10000 0.00000
0.90000 0.30000 0.20000 0.00000
0.90000 0.30000 0.30000 0.00000
0.90000 0.30000 0.40000 0.00000
0.90000 0.30000 0.50000 0.00000
0.90000 0.30000 0.60000 0.00000
0.90000 0.30000 0.70000 0.00000
0.90000 0.30000 0.80000 0.00000
0.90000 0.30000 0.90000 0.00000
0.90000 0.40000 0.00000 0.00000
0.90000 0.40000 0.10000 0.00000
0.90000 0.40000 0.20000 0.00000
0.90000 0.40000 0.30000 0.00000
0.90000 0.40000 0.40000 0.00000
0.90000 0.40000 0.50000 0.00000
0.90000 0.40000 0.60000 0.00000
0.90000 0.40000 0.70000 0.00000
0.90000 0.40000 0.80000 0.00000
0.90000 0.40000 0.90000 0.00000
0.90000 0.50000 0.00000 0.00000
0.90000 0.50000 0.10000 0.00000
0.90000 0.50000 0.20000 0.00000
0.90000 0.50000 0.30000 0.00000
0.90000 0.50000 0.40000 0.00000
0.90000 0.50000 0.50000 0.00000
0.90000 0.50000 0.60000 0.00000
0.90000 0.50000 0.70000 0.00000
0.90000 0.50000 0.80000 0.00000
0.90000 0.50000 0.90000 0.00000
0.90000 0.60000 0.00000 0.00000
0.90000 0.60000 0.10000 0.00000
0.90000 0.60000 0.20000 0.00000
0.90000 0.60000 0.30000 0.00000
0.90000 0.60000 0.40000 0.00000
0.90000 0.60000 0.50000 0.00000
0.90000 0.60000 0.60000 0.00000
0.90000 0.60000 0.70000 0.00000
0.90000 0.60000 0.80000 0.00000
0.90000 0.60000 0.90000 0.00000
0.90000 0.70000 0.00000 0.00000
0.90000 0.70000 0.10000 0.00000
0.90000 0.70000 0.20000 0.00000
0.90000 0.70000 0.30000 0.00000
0.90000 0.70000 0.40000 0.00000
0.90000 0.70000 0.50000 0.00000
0.90000 0.70000 0.60000 0.00000
0.90000 0.70000 0.70000 0.00000
0.90000 0.70000 0.80000 0.00000
0.90000 0.70000 0.90000 0.00000
0.90000 0.80000 0.00000 0.00000
0.90000 0.80000 0.10000 0.00000
0.90000 0.80000 0.20000 0.00000
0.90000 0.80000 0.30000 0.00000
0.90000 0.80000 0.40000 0.00000
0.90000 0.80000 0.50000 0.00000
0.90000 0.80000 0.60000 0.00000
0.90000 0.80000 0.70000 0.00000
0.90000 0.80000 0.80000 0.00000
0.90000 0.80000 0.90000 0.00000
0.90000 0.90000 0.00000 0.00000
0.90000 0.90000 0.10000 0.00000
0.90000 0.90000 0.20000 0.00000
0.90000 0.90000 0.30000 0.00000
0.90000 0.90000 0.40000 0.00000
0.90000 0.90000 0.50000 0.00000
0.90000 0.90000 0.60000 0.00000
0.90000 0.90000 0.70000 0.00000
0.90000 0.90000 0.80000 0.00000
0.90000 0.90000 0.90000 0.00000
